   1   44    0   57.41  60.78    31     54   51     16     44    43    97.73
   2   13    0   64.29  60.00     9     14   15      3     13    12    92.31
   3   29    0   96.67  96.67    29     30   30      0     29    29   100.00
   4   20    0   80.00  80.00    20     25   25      4     20    20   100.00
   5   19    0   91.30 100.00    21     23   21      0     19    19   100.00
   6   71    0   66.67  67.53    52     78   77     15     71    65    91.55
   7   16    0   61.11  68.75    11     18   16      0     16    14    87.50
   8   27    0   92.31  96.00    24     26   25      0     27    26    96.30
   9   19    0  100.00 100.00    20     20   20      0     19    19   100.00
  10   41    0   80.00  78.05    32     40   41      5     41    39    95.12
